#OTU ID	AmsterdamWest	Dokhaven	Houtrust	Kortenoord	Kralingseveer	Vianen
ASV157	104	0	12	0	0	0
ASV166	70	4	10	31	3	24
ASV579	15	0	16	3	0	11
ASV834	5	0	1	4	0	0
ASV356	15	0	14	0	0	0
ASV475	33	0	5	4	0	5
ASV81	44	0	54	23	0	19
ASV511	7	0	4	7	0	6
ASV43	111	0	68	59	5	48
ASV65	101	0	36	51	4	6
ASV392	3	0	48	6	1	2
ASV143	81	0	38	0	0	0
ASV58	59	0	221	0	0	0
ASV194	150	0	26	15	0	6
ASV238	38	0	1	3	0	8
ASV308	16	0	1	11	0	13
ASV107	46	0	31	27	0	53
ASV179	53	0	4	4	0	35
ASV792	6	0	8	1	0	0
ASV288	24	0	6	10	0	4
ASV24	82	0	200	42	9	87
ASV354	21	0	42	0	0	0
ASV104	89	0	61	2	0	0
ASV571	6	0	0	10	0	2
ASV150	33	0	54	3	0	0
ASV41	191	0	96	0	0	1
ASV652	13	0	2	3	1	0
ASV25	229	0	41	109	1	70
ASV455	41	0	0	0	1	0
ASV47	128	0	36	77	8	24
ASV79	90	0	14	40	0	55
ASV127	27	0	26	77	0	12
ASV426	38	0	0	1	0	9
ASV103	46	0	0	52	0	22
ASV163	8	0	43	23	0	33
ASV538	18	0	17	0	0	1
ASV326	27	0	0	8	0	0
ASV111	68	0	17	6	0	12
ASV11	291	4	289	21	1	18
ASV60	5	162	0	4	52	1
ASV585	15	0	9	0	0	1
ASV63	65	0	204	21	0	6
ASV523	20	0	21	0	0	3
ASV372	27	0	0	2	0	6
ASV13	122	0	267	174	3	93
ASV226	37	0	43	0	0	1
ASV274	31	0	25	27	1	42
ASV110	74	0	29	34	0	20
ASV409	27	0	38	4	2	6
ASV733	49	0	0	0	0	3
ASV506	17	0	20	3	0	7
ASV55	92	0	113	21	1	28
ASV517	9	0	0	13	0	0
ASV467	44	0	24	1	0	0
ASV773	6	0	10	0	0	0
ASV126	47	0	0	57	0	29
ASV281	26	0	4	14	0	26
ASV578	16	0	18	0	0	0
ASV215	10	0	20	17	1	31
ASV364	21	0	18	13	0	2
ASV672	22	0	3	0	0	2
ASV205	40	0	1	14	1	6
ASV249	25	0	3	1	1	19
ASV156	20	0	33	39	0	4
ASV317	36	0	0	27	1	3
ASV253	14	0	8	55	1	19
ASV66	78	0	38	43	1	62
ASV318	33	0	3	0	0	0
ASV343	62	0	1	50	0	3
ASV807	24	0	2	0	0	3
ASV245	1	43	0	1	7	0
ASV240	11	0	51	0	0	0
ASV229	40	0	12	0	0	2
ASV267	14	0	14	19	0	2
ASV380	7	0	3	13	0	22
ASV266	35	2	6	7	0	3
ASV53	53	0	141	127	2	91
ASV117	45	0	6	29	1	15
ASV638	26	0	11	2	1	11
ASV54	74	0	107	0	0	6
ASV45	183	0	63	4	5	12
ASV525	11	0	13	4	0	1
ASV831	11	0	6	2	0	0
ASV72	22	1	2	45	0	90
ASV195	41	0	0	13	0	55
ASV190	82	0	11	10	0	24
ASV462	14	0	18	1	0	0
ASV89	39	0	137	0	0	1
ASV167	46	0	7	29	1	14
ASV160	37	0	21	16	0	6
ASV520	20	0	27	3	0	0
ASV246	85	0	0	0	0	1
ASV556	10	0	16	1	0	0
ASV293	16	0	0	4	0	27
ASV241	2	0	4	2	0	41
ASV551	8	0	1	0	0	18
ASV403	18	0	1	4	1	14
ASV218	40	0	16	38	0	18
ASV247	5	0	9	33	2	3
ASV348	29	0	0	0	0	14
ASV414	42	0	7	0	0	0
ASV217	43	0	17	0	0	0
ASV671	30	0	14	0	0	0
ASV192	51	0	63	0	0	0
ASV472	5	0	3	13	1	25
ASV74	17	6	151	8	4	8
ASV805	10	0	5	0	0	4
ASV51	33	0	103	76	0	14
ASV208	12	0	11	22	0	14
ASV758	22	0	0	5	0	3
ASV27	300	0	118	84	4	91
ASV34	10	250	5	54	69	22
ASV393	22	0	1	6	0	2
ASV264	2	0	31	2	0	3
ASV178	13	0	25	42	2	22
ASV154	75	0	5	1	0	6
ASV351	20	0	27	1	0	3
ASV620	20	0	7	0	0	0
ASV255	15	0	40	4	3	0
ASV263	25	0	9	26	0	0
ASV165	72	0	0	1	0	0
ASV320	8	0	33	0	0	0
ASV736	5	0	0	0	0	5
ASV488	16	0	4	13	0	3
ASV148	26	0	0	8	0	63
ASV48	149	0	43	42	0	15
ASV270	12	0	9	5	0	15
ASV707	9	0	0	0	0	0
ASV290	26	0	2	11	0	0
ASV345	10	0	0	19	0	8
ASV35	199	0	64	0	0	7
ASV132	31	0	49	19	0	6
ASV268	12	0	37	1	1	18
ASV339	12	0	9	7	0	4
ASV204	26	0	13	22	0	14
ASV365	27	0	3	1	0	9
ASV327	32	0	0	15	2	7
ASV76	122	0	5	4	0	0
ASV297	16	0	22	3	0	4
ASV70	85	0	38	51	0	13
ASV225	10	0	56	0	0	0
ASV334	28	0	9	6	0	7
ASV325	19	0	12	2	0	0
ASV22	10	381	46	21	5	13
ASV344	36	0	18	0	0	0
ASV101	51	1	10	56	3	75
ASV230	18	0	15	21	0	9
ASV181	22	10	15	13	46	7
ASV67	56	1	56	51	0	34
ASV384	14	0	3	19	0	0
ASV129	100	0	7	47	0	33
ASV122	27	0	20	10	1	31
ASV690	15	0	0	0	0	1
ASV316	34	0	20	0	0	0
ASV846	2	0	8	2	0	0
ASV433	17	0	13	0	0	2
ASV172	36	0	24	4	0	16
ASV69	65	54	88	60	0	17
ASV442	45	0	10	2	0	8
ASV170	42	0	6	25	4	16
ASV123	29	0	16	71	2	15
ASV518	7	0	6	15	0	11
ASV121	107	0	27	1	0	1
ASV331	23	0	42	0	0	0
ASV120	88	0	36	0	0	1
ASV169	68	0	0	63	3	4
ASV415	21	0	0	2	0	0
ASV628	5	0	8	2	0	4
ASV695	7	0	3	1	0	4
ASV625	10	0	2	5	0	7
ASV95	61	0	9	48	4	17
ASV222	19	0	16	11	0	26
ASV18	213	0	293	12	1	34
ASV493	32	0	15	2	0	3
ASV21	268	0	66	197	1	88
ASV61	45	14	16	93	6	127
ASV528	16	0	0	7	0	5
ASV735	20	0	5	0	0	0
ASV301	20	0	0	14	0	12
ASV660	4	0	15	0	0	0
ASV582	2	2	2	14	23	6
ASV312	19	0	7	0	0	14
ASV40	95	0	116	21	0	36
ASV731	8	0	4	0	0	3
ASV10	137	0	289	234	4	15
ASV46	30	0	53	143	1	7
ASV286	5	0	49	0	0	0
ASV519	8	0	2	6	0	16
ASV501	8	0	12	0	0	17
ASV563	11	2	1	8	2	2
ASV83	124	2	9	28	0	4
ASV38	100	2	40	66	8	26
ASV709	16	0	0	0	0	0
ASV740	17	0	9	3	0	11
ASV304	25	0	0	5	0	7
ASV142	77	0	12	12	0	25
ASV280	14	0	9	19	0	39
ASV26	50	0	138	65	0	79
ASV182	46	0	51	5	0	0
ASV90	16	0	39	94	3	64
ASV619	23	0	19	6	2	12
ASV187	30	0	5	40	0	1
ASV358	6	0	6	23	0	9
ASV843	5	0	7	0	1	3
ASV28	168	0	118	8	0	16
ASV487	22	0	21	13	1	18
ASV505	14	0	7	7	0	0
ASV818	1	3	1	2	16	0
ASV350	19	0	2	15	0	2
ASV464	21	0	23	1	0	0
ASV278	11	0	9	31	0	18
ASV468	15	0	7	2	0	8
ASV490	37	0	9	2	0	0
ASV445	23	0	1	4	1	1
ASV200	33	0	0	13	0	35
ASV98	24	4	46	34	5	19
ASV338	29	0	19	0	1	3
ASV856	14	0	7	0	0	0
ASV394	13	0	18	4	0	1
ASV504	16	0	19	4	0	19
ASV779	11	0	0	1	0	0
ASV336	26	0	18	7	0	7
ASV776	13	0	0	1	0	0
ASV366	20	0	23	4	0	7
ASV678	11	0	1	15	1	10
ASV461	21	0	25	5	0	21
ASV396	2	0	1	12	0	30
ASV155	42	0	6	21	0	9
ASV254	52	0	0	18	0	3
ASV457	12	0	6	10	0	11
ASV265	28	0	22	0	1	1
ASV158	101	0	2	0	0	2
ASV669	12	0	0	3	2	10
ASV188	20	0	2	14	0	31
ASV296	17	0	9	18	0	0
ASV88	46	0	56	33	0	14
ASV778	17	0	16	0	0	0
ASV164	45	0	22	18	0	9
ASV207	19	0	40	0	0	0
ASV232	34	0	21	0	0	0
ASV702	1	0	0	4	0	7
ASV175	24	0	2	25	0	15
ASV839	5	0	2	3	0	4
ASV769	22	0	3	2	0	7
ASV197	79	0	2	0	0	0
ASV212	14	0	5	2	0	28
ASV739	10	0	4	4	0	4
ASV597	16	0	2	4	0	2
ASV428	8	0	15	2	0	6
ASV572	5	0	0	2	0	43
ASV853	6	0	2	1	0	0
ASV444	7	0	4	4	0	16
ASV20	94	0	331	6	2	32
ASV223	19	0	6	19	0	23
ASV374	22	2	1	23	1	6
ASV559	11	0	11	2	0	4
ASV855	7	0	1	0	0	8
ASV452	16	0	1	6	0	3
ASV82	22	0	62	33	0	16
ASV151	22	0	38	24	0	24
ASV97	40	0	9	45	2	49
ASV335	2	0	49	1	0	0
ASV269	7	0	10	20	0	30
ASV77	33	0	37	51	0	52
ASV713	23	0	3	10	0	0
ASV332	57	0	3	11	0	2
ASV832	6	0	0	7	0	12
ASV75	38	0	21	44	0	24
ASV430	16	0	5	6	0	24
ASV221	57	0	0	2	0	5
ASV754	9	0	0	0	0	0
ASV231	10	0	14	11	0	28
ASV171	24	0	26	14	0	0
ASV627	1	0	0	0	0	1
ASV624	10	0	0	0	0	0
ASV379	19	0	15	26	2	30
ASV784	10	0	5	0	0	8
ASV112	29	0	12	55	2	108
ASV193	20	0	5	11	0	5
ASV424	13	0	9	9	0	15
ASV456	13	0	0	8	0	2
ASV32	44	0	2	106	2	230
ASV823	4	0	1	4	0	7
ASV676	27	0	17	3	0	1
ASV313	17	0	11	4	0	36
ASV115	15	0	0	26	0	58
ASV522	10	0	0	7	0	9
ASV202	25	0	0	32	0	32
ASV328	12	0	23	4	1	9
ASV482	22	0	18	2	0	5
ASV177	38	0	55	0	0	1
ASV361	9	0	17	0	1	0
ASV797	23	0	0	0	0	0
ASV224	9	0	2	7	0	26
ASV406	25	0	30	1	0	1
ASV417	12	0	3	23	1	0
ASV512	6	0	7	4	0	14
ASV346	12	0	15	4	1	7
ASV329	6	0	7	7	4	6
ASV567	23	0	0	0	0	8
ASV333	53	0	1	0	0	0
ASV650	5	0	0	10	0	4
ASV641	26	0	0	0	0	0
ASV162	51	0	20	0	0	32
ASV743	6	0	9	0	0	1
ASV593	15	0	6	0	0	2
ASV609	11	0	5	0	0	0
ASV39	29	0	99	54	0	63
ASV33	22	0	46	47	4	141
ASV159	3	0	2	75	0	2
ASV261	50	0	0	0	1	0
ASV305	21	0	15	11	0	6
ASV454	9	0	22	8	0	24
ASV49	31	0	39	102	2	51
ASV243	34	0	0	2	0	5
ASV675	3	0	43	2	1	3
ASV91	47	0	9	75	0	7
ASV786	12	0	1	1	0	0
ASV858	7	0	11	0	0	11
ASV679	2	0	0	26	0	10
ASV549	3	0	0	3	0	22
ASV451	20	0	9	2	0	16
ASV431	42	0	7	4	0	0
ASV106	29	0	9	50	1	6
ASV418	17	0	41	0	0	0
ASV682	9	0	4	3	0	0
ASV629	5	0	4	5	0	8
ASV383	9	0	0	28	0	0
ASV722	7	0	6	7	0	26
ASV119	32	0	74	0	1	1
ASV277	27	0	22	0	0	0
ASV659	20	0	0	1	0	5
ASV184	33	0	17	0	0	6
ASV84	18	0	39	75	0	30
ASV228	17	0	43	73	1	27
ASV220	36	0	6	2	2	7
ASV616	13	0	0	2	3	0
ASV654	34	1	11	1	1	1
ASV314	12	0	25	0	0	0
ASV116	20	0	11	39	0	37
ASV785	7	0	12	0	0	0
ASV811	11	0	2	1	0	8
ASV603	18	0	11	5	0	6
ASV686	4	1	1	13	0	0
ASV596	1	0	6	7	0	19
ASV244	47	11	14	0	0	0
ASV362	21	0	12	0	0	0
ASV52	21	0	24	120	0	80
ASV824	1	0	0	4	0	15
ASV845	14	0	1	1	0	2
ASV706	10	0	6	1	0	8
ASV355	32	0	23	0	0	0
ASV503	18	0	12	2	0	1
ASV272	41	0	0	33	4	0
ASV359	11	0	17	1	0	0
ASV795	8	0	2	1	0	15
ASV330	10	0	11	8	0	8
ASV209	42	0	64	13	0	3
ASV275	14	0	0	23	0	20
ASV847	9	0	0	3	0	1
ASV367	29	0	13	1	0	0
ASV486	10	0	0	2	0	7
ASV718	8	0	0	1	0	11
ASV258	5	1	12	24	0	10
ASV407	14	0	6	3	0	2
ASV492	5	0	0	11	0	1
ASV802	10	0	1	11	0	0
ASV703	5	0	0	9	0	5
ASV531	6	0	11	1	0	0
ASV96	35	0	34	47	1	38
ASV206	18	5	7	22	2	33
ASV546	7	0	5	5	0	3
ASV661	10	0	5	0	0	0
ASV592	17	0	4	1	0	0
ASV568	5	0	8	1	0	1
ASV73	124	0	3	1	0	16
ASV248	24	0	16	8	0	3
ASV787	14	0	6	13	0	4
ASV6	4	1085	2	6	57	3
ASV219	7	0	26	2	0	38
ASV544	25	0	18	0	0	0
ASV210	37	11	30	5	2	10
ASV508	24	0	4	10	3	5
ASV819	14	0	1	3	0	2
ASV363	22	12	0	12	0	4
ASV775	3	4	0	1	13	4
ASV294	10	0	2	13	0	17
ASV470	13	6	0	5	1	4
ASV640	13	0	13	1	1	0
ASV688	1	0	6	2	0	2
ASV746	2	0	8	2	0	2
ASV340	7	0	7	12	0	21
ASV420	6	0	1	18	3	6
ASV279	40	0	0	7	0	1
ASV1	3	1917	0	5	12	2
ASV310	15	0	0	7	2	89
ASV423	23	0	0	0	0	0
ASV387	33	0	3	1	0	1
ASV513	28	0	0	6	0	0
ASV594	26	0	0	0	0	0
ASV534	14	0	1	13	0	0
ASV636	11	0	6	3	0	2
ASV438	16	0	1	12	0	16
ASV670	9	0	0	4	0	5
ASV760	9	0	1	0	0	4
ASV622	25	0	12	10	1	3
ASV804	7	2	0	0	0	0
ASV680	22	0	0	0	0	0
ASV550	11	0	7	15	0	6
ASV140	4	34	0	1	70	0
ASV118	7	67	2	14	34	7
ASV446	15	0	16	0	0	0
ASV227	5	0	1	5	0	0
ASV584	19	0	2	3	0	4
ASV663	1	0	0	11	0	0
ASV191	8	0	21	19	2	56
ASV644	16	0	16	0	0	0
ASV835	1	0	0	6	1	6
ASV473	7	0	11	11	0	0
ASV474	5	0	4	10	0	7
ASV388	21	0	11	21	0	16
ASV437	11	0	15	15	0	17
ASV199	24	0	0	6	0	41
ASV410	20	0	0	12	0	9
ASV566	11	0	5	2	0	4
ASV408	16	0	0	12	0	8
ASV820	4	0	0	2	0	11
ASV29	5	106	0	5	251	3
ASV283	15	0	5	11	0	9
ASV526	9	0	1	9	1	1
ASV639	2	14	1	7	17	18
ASV135	3	20	2	3	86	3
ASV450	26	0	6	12	0	0
ASV543	7	0	9	2	0	4
ASV815	12	0	2	17	0	8
ASV494	1	0	0	3	0	32
ASV449	6	0	3	22	0	11
ASV745	1	0	0	3	9	0
ASV866	8	0	0	0	0	0
ASV341	22	0	3	10	1	10
ASV398	2	23	0	1	6	0
ASV547	3	0	3	9	0	7
ASV16	7	271	0	1	504	2
ASV808	14	0	0	0	0	1
ASV87	50	0	9	36	1	31
ASV719	1	2	0	14	1	2
ASV611	13	0	6	6	0	3
ASV174	18	20	2	9	18	5
ASV590	4	0	26	1	0	0
ASV825	7	0	1	0	0	0
ASV360	10	0	17	0	1	4
ASV251	6	0	14	22	0	13
ASV606	4	0	1	8	2	10
ASV668	3	0	5	0	0	10
ASV541	14	0	10	13	0	2
ASV429	20	0	2	11	0	16
ASV623	11	0	10	1	1	12
ASV848	9	0	0	5	0	6
ASV704	14	0	6	14	0	9
ASV768	6	0	9	2	0	0
ASV479	13	0	10	34	0	13
ASV828	9	0	17	1	0	1
ASV78	7	0	2	140	0	6
ASV734	15	0	4	1	0	7
ASV262	4	0	82	1	0	0
ASV553	1	0	28	0	0	0
ASV833	3	0	13	0	0	1
ASV259	7	0	12	18	0	18
ASV692	5	0	4	5	0	5
ASV791	10	0	1	0	0	0
ASV100	6	0	0	68	0	144
ASV404	12	0	2	10	0	2
ASV618	6	0	12	0	1	0
ASV637	3	0	2	11	0	6
ASV419	6	0	11	2	0	5
ASV86	9	3	0	120	0	5
ASV7	2	731	2	18	12	5
ASV570	5	0	0	7	0	22
ASV859	3	0	17	0	0	0
ASV323	5	0	42	0	0	2
ASV250	3	27	1	2	34	0
ASV610	8	0	7	0	0	1
ASV319	7	0	11	7	4	11
ASV128	1	7	0	9	83	3
ASV147	2	0	1	5	0	102
ASV515	28	0	0	0	0	0
ASV860	10	0	0	2	0	2
ASV720	5	0	0	13	0	22
ASV591	1	0	0	0	0	0
ASV476	18	0	20	2	0	4
ASV748	10	0	0	0	0	7
ASV137	10	0	8	31	0	40
ASV300	2	0	15	31	0	15
ASV658	1	0	0	20	0	2
ASV481	16	0	12	18	0	18
ASV382	5	0	9	17	0	9
ASV198	7	2	19	0	45	0
ASV315	15	0	4	14	0	23
ASV114	17	0	31	21	0	56
ASV509	5	0	15	4	0	1
ASV574	3	20	0	12	21	3
ASV793	4	0	0	0	0	10
ASV790	12	0	11	0	0	0
ASV201	16	0	6	0	0	1
ASV465	2	1	1	1	0	1
ASV756	2	0	4	12	0	1
ASV850	5	0	4	7	0	9
ASV716	9	0	3	1	0	0
ASV800	17	0	3	0	0	0
ASV539	15	0	10	6	0	9
ASV302	9	0	11	16	0	5
ASV643	6	0	1	9	0	12
ASV604	6	0	8	0	0	15
ASV17	10	759	10	9	0	1
ASV849	2	0	3	1	0	15
ASV854	4	2	6	4	1	6
ASV436	9	1	8	4	2	5
ASV532	2	0	25	0	0	0
ASV421	9	2	9	25	1	9
ASV701	9	0	8	4	0	7
ASV306	9	0	26	2	0	1
ASV370	9	0	3	4	2	8
ASV864	1	0	5	4	0	0
ASV443	7	18	0	1	20	0
ASV710	3	2	1	0	10	1
ASV765	4	0	0	15	0	1
ASV529	7	0	24	4	2	2
ASV502	1	2	0	0	40	0
ASV369	20	4	10	1	4	4
ASV607	8	0	16	1	0	6
ASV617	5	1	2	4	0	4
ASV621	7	4	4	0	23	1
ASV483	3	0	4	29	0	6
ASV399	13	0	3	3	0	15
ASV108	2	31	6	15	63	15
ASV353	4	1	10	3	15	14
ASV798	13	0	0	0	0	0
ASV378	2	0	6	12	0	20
ASV705	11	0	12	0	0	1
ASV657	10	0	0	7	0	2
ASV747	1	1	6	7	0	1
ASV510	3	0	0	6	1	7
ASV615	2	0	18	6	0	6
ASV634	2	0	7	14	0	13
ASV633	2	0	3	12	0	0
ASV666	1	0	2	8	0	11
ASV311	24	0	82	0	0	1
ASV821	10	0	5	0	0	0
ASV478	3	0	0	0	0	0
ASV723	4	0	3	10	0	8
ASV840	9	0	0	0	0	3
ASV565	12	0	6	3	0	8
ASV595	8	0	12	1	0	0
ASV397	15	1	8	0	0	0
ASV460	7	59	0	7	32	2
ASV469	3	0	5	7	0	10
ASV612	1	0	11	0	0	6
ASV105	14	0	119	0	0	0
ASV242	8	0	8	12	0	15
ASV342	5	0	7	8	0	21
ASV630	9	0	0	40	0	11
ASV400	16	0	7	6	0	0
ASV524	4	0	4	6	0	11
ASV586	3	0	26	0	0	0
ASV648	5	0	6	2	0	7
ASV750	2	0	16	2	0	2
ASV459	1	20	1	1	37	1
ASV489	1	0	1	15	0	9
ASV235	14	0	10	22	0	3
ASV742	5	0	2	4	0	7
ASV435	4	0	18	4	0	9
ASV861	7	0	0	23	0	8
ASV715	1	0	5	4	0	4
ASV113	1	0	0	1	0	111
ASV303	1	0	0	0	0	46
ASV285	5	0	49	0	0	2
ASV252	8	0	0	11	0	32
ASV203	2	20	2	5	59	2
ASV694	9	0	10	1	0	1
ASV783	4	0	16	0	0	0
ASV173	5	0	3	0	2	1
ASV605	8	0	2	7	1	2
ASV389	6	0	2	1	0	34
ASV491	10	0	0	8	0	3
ASV814	5	11	0	1	0	0
ASV289	1	3	0	1	29	5
ASV667	3	0	0	0	0	25
ASV569	4	0	2	11	0	4
ASV557	2	0	1	8	0	15
ASV130	2	44	0	27	40	8
ASV741	3	0	2	12	0	0
ASV500	3	0	0	10	0	24
ASV613	11	0	21	0	0	0
ASV696	4	0	0	0	0	8
ASV416	1	0	0	15	0	19
ASV376	2	0	0	1	38	0
ASV298	3	0	60	0	0	0
ASV371	4	0	26	2	0	0
ASV466	3	0	10	5	0	6
ASV583	3	0	2	17	1	4
ASV477	1	13	0	10	21	0
ASV614	2	0	0	5	0	14
ASV213	13	1	18	15	0	12
ASV349	1	6	12	14	7	4
ASV136	7	46	1	3	44	1
ASV837	7	0	12	0	0	0
ASV724	3	11	0	2	7	0
ASV234	11	0	12	1	0	20
ASV36	1	95	3	38	161	2
ASV496	14	0	0	2	0	6
ASV749	6	0	5	6	0	5
ASV307	6	19	0	6	7	1
ASV152	4	0	10	5	0	2
ASV144	2	0	21	16	0	40
ASV865	7	0	12	2	0	4
ASV766	2	0	13	11	0	9
ASV57	1	82	0	1	140	1
ASV412	1	0	41	0	0	0
ASV863	3	0	3	13	0	1
ASV774	1	0	0	2	0	4
ASV216	1	11	0	0	47	0
ASV684	1	0	0	11	0	0
ASV693	11	0	5	1	0	5
ASV726	1	1	0	1	19	0
ASV3	2	1174	9	53	89	14
ASV753	4	0	6	0	0	0
ASV271	2	22	0	8	59	4
ASV841	7	1	4	0	0	0
ASV656	3	5	3	0	5	0
ASV838	5	0	22	1	0	0
ASV463	1	0	6	7	1	9
ASV608	4	0	3	18	0	1
ASV647	10	0	1	0	1	15
ASV425	1	0	0	23	1	6
ASV273	1	17	2	3	67	7
ASV56	2	69	0	1	175	2
ASV662	3	0	0	0	0	21
ASV677	3	0	6	31	0	6
ASV812	3	0	2	2	0	2
ASV632	4	2	0	0	21	3
ASV237	2	45	0	1	20	0
ASV516	3	0	0	22	0	2
ASV145	1	16	0	0	72	2
ASV589	6	0	10	6	1	7
ASV781	3	0	16	2	0	0
ASV738	3	0	20	0	0	0
ASV712	2	0	0	18	6	2
ASV852	8	0	0	0	0	1
ASV37	2	308	4	4	100	2
ASV763	1	0	6	4	0	7
ASV728	2	0	1	4	2	4
ASV801	1	0	4	0	0	3
ASV545	2	0	9	12	0	8
ASV600	2	2	0	4	0	9
ASV30	2	120	0	23	282	10
ASV292	1	11	0	16	35	1
ASV737	6	0	16	0	0	0
ASV211	5	1	8	17	0	52
ASV844	1	17	0	4	8	0
ASV697	1	0	4	7	0	4
ASV377	1	56	0	0	0	0
ASV711	8	0	0	16	0	4
ASV687	7	0	0	27	0	0
ASV587	1	0	0	1	0	24
ASV422	3	0	14	6	0	11
ASV42	1	0	169	18	0	73
ASV752	2	0	3	20	0	5
ASV527	2	0	26	6	1	0
ASV146	6	0	31	68	0	11
ASV813	1	0	2	14	0	14
ASV714	1	0	10	3	0	0
ASV635	1	24	0	0	0	0
ASV829	2	0	2	9	0	0
ASV12	3	502	129	24	0	2
ASV441	1	0	0	21	0	0
ASV93	2	16	0	0	121	0
ASV498	1	0	3	1	0	39
ASV602	2	0	1	11	0	2
ASV561	1	0	14	3	0	1
ASV552	2	0	4	4	0	19
ASV626	2	0	25	0	0	0
ASV689	1	0	26	0	0	2
ASV580	3	0	5	6	0	6
ASV691	1	1	0	18	0	16
ASV717	4	0	0	1	9	8
ASV5	1	993	0	0	3	0
ASV458	1	0	4	12	0	0
ASV857	2	0	0	4	1	1
ASV817	1	0	5	17	0	4
ASV257	1	10	0	0	34	0
ASV125	1	89	0	3	41	3
ASV31	1	75	7	10	246	2
ASV161	1	0	0	17	0	79
ASV651	1	0	4	6	1	10
ASV321	1	0	0	0	1	36
ASV495	1	0	0	0	0	34
ASV683	1	0	0	2	0	13
ASV85	0	162	0	3	0	2
ASV15	0	526	0	1	1	0
ASV8	0	728	0	0	0	0
ASV2	0	1803	0	1	1	1
ASV9	0	626	1	14	13	6
ASV124	0	75	0	28	3	5
ASV14	0	561	0	0	0	0
ASV432	0	20	0	0	5	3
ASV324	0	129	0	4	21	1
ASV80	0	108	0	0	0	0
ASV141	0	38	0	9	80	2
ASV337	0	7	0	2	27	0
ASV168	0	63	0	5	0	2
ASV186	0	95	0	0	0	0
ASV44	0	240	0	4	2	0
ASV153	0	85	0	0	0	0
ASV575	0	28	0	0	0	0
ASV62	0	176	0	0	3	0
ASV23	0	249	0	12	212	0
ASV64	0	170	0	6	0	1
ASV183	0	77	0	3	1	0
ASV92	0	114	0	1	16	3
ASV4	0	1017	0	0	0	0
ASV109	0	140	0	0	9	0
ASV260	0	68	0	0	0	0
ASV149	0	88	0	1	0	0
ASV730	0	15	3	3	33	0
ASV134	0	94	0	6	1	0
ASV239	0	37	0	6	59	0
ASV395	0	25	0	3	8	0
ASV139	0	99	10	5	9	0
ASV576	0	15	0	3	15	0
ASV176	0	44	6	63	4	2
ASV256	0	42	0	0	0	1
ASV50	0	182	0	0	0	0
ASV347	0	20	0	0	14	2
ASV782	0	4	0	0	11	0
ASV440	0	33	0	0	0	0
ASV196	0	54	0	0	0	0
ASV381	0	46	0	1	15	1
ASV822	0	13	0	0	8	0
ASV133	0	65	2	0	16	0
ASV789	0	3	0	0	11	1
ASV102	0	56	0	7	75	2
ASV99	0	106	0	0	0	0
ASV560	0	13	1	3	18	0
ASV287	0	40	0	0	0	0
ASV759	0	3	0	2	1	0
ASV386	0	14	0	0	18	0
ASV653	0	18	0	0	0	0
ASV322	0	32	0	0	0	0
ASV295	0	13	0	7	15	3
ASV816	0	3	0	4	0	3
ASV214	0	9	0	0	38	0
ASV554	0	27	0	0	0	0
ASV708	0	29	0	0	0	1
ASV402	0	60	0	0	1	0
ASV299	0	50	0	0	0	0
ASV725	0	2	0	5	8	0
ASV391	0	5	0	7	12	3
ASV836	0	4	2	5	0	4
ASV573	0	16	0	0	26	1
ASV780	0	2	0	0	46	0
ASV535	0	30	0	1	10	0
ASV499	0	13	0	17	0	0
ASV276	0	30	0	3	8	3
ASV233	0	12	0	4	46	0
ASV794	0	1	0	9	4	0
ASV471	0	8	0	2	36	3
ASV236	0	11	0	5	42	0
ASV352	0	5	15	6	0	9
ASV796	0	3	0	12	0	0
ASV427	0	5	0	0	14	1
ASV536	0	3	54	2	0	0
ASV698	0	1	51	0	1	0
ASV799	0	1	0	0	8	0
ASV767	0	6	0	0	8	0
ASV577	0	2	2	0	0	12
ASV803	0	5	0	0	3	0
ASV721	0	14	0	0	0	0
ASV180	0	10	0	1	74	0
ASV655	0	11	0	0	6	0
ASV548	0	8	0	1	21	0
ASV772	0	10	0	0	0	0
ASV700	0	2	0	0	6	0
ASV68	0	7	0	135	0	22
ASV434	0	7	0	0	24	0
ASV94	0	1	0	126	0	0
ASV390	0	2	0	34	0	6
ASV645	0	6	0	0	13	0
ASV761	0	4	0	9	8	5
ASV373	0	1	0	0	32	0
ASV827	0	1	0	0	2	0
ASV809	0	2	0	0	22	0
ASV447	0	1	0	2	19	0
ASV530	0	1	10	7	0	19
ASV664	0	0	31	0	0	0
ASV385	0	0	28	0	0	0
ASV138	0	0	104	0	2	0
ASV581	0	0	14	3	0	2
ASV777	0	0	3	9	0	7
ASV59	0	0	235	0	0	0
ASV401	0	0	29	12	1	1
ASV674	0	0	6	0	0	8
ASV453	0	0	2	32	0	5
ASV284	0	0	8	15	0	3
ASV185	0	0	68	6	0	3
ASV357	0	0	48	0	0	0
ASV497	0	0	4	17	1	12
ASV375	0	0	15	13	1	31
ASV699	0	0	3	6	0	8
ASV729	0	0	6	15	1	5
ASV521	0	0	6	5	0	9
ASV862	0	0	16	0	0	0
ASV282	0	0	3	33	0	0
ASV744	0	0	1	0	0	25
ASV542	0	0	17	0	0	0
ASV601	0	0	4	0	0	15
ASV599	0	0	18	8	0	1
ASV533	0	0	1	1	0	4
ASV411	0	0	1	5	0	22
ASV642	0	0	1	19	0	0
ASV826	0	0	2	7	0	2
ASV507	0	0	1	5	0	0
ASV751	0	0	2	13	0	0
ASV514	0	0	1	4	0	18
ASV762	0	0	1	8	0	0
ASV788	0	0	1	10	0	0
ASV480	0	0	0	17	0	5
ASV555	0	0	0	13	0	19
ASV537	0	0	0	10	0	13
ASV665	0	0	0	4	0	9
ASV588	0	0	0	15	0	8
ASV764	0	0	0	6	0	13
ASV484	0	0	0	20	0	4
ASV131	0	0	0	13	0	78
ASV810	0	0	0	11	0	2
ASV439	0	0	0	12	0	27
ASV646	0	0	0	1	10	1
ASV405	0	0	0	1	0	12
ASV413	0	0	0	2	0	41
ASV727	0	0	0	1	10	0
ASV598	0	0	0	9	0	8
ASV558	0	0	0	4	0	18
ASV830	0	0	0	1	0	2
ASV564	0	0	0	7	0	10
ASV309	0	0	0	8	0	1
ASV806	0	0	0	8	0	0
ASV673	0	0	0	1	0	27
ASV771	0	0	0	1	0	20
ASV842	0	0	0	1	2	0
ASV770	0	0	0	0	19	0
ASV71	0	0	0	0	249	0
ASV485	0	0	0	0	34	4
ASV189	0	0	0	0	66	0
ASV562	0	0	0	0	25	0
ASV631	0	0	0	0	12	0
ASV649	0	0	0	0	22	0
ASV19	0	0	0	0	0	532
ASV291	0	0	0	0	0	39
ASV368	0	0	0	0	0	29
ASV851	0	0	0	0	0	11
ASV540	0	0	0	0	0	13
ASV757	0	0	0	0	0	13
ASV448	0	0	0	0	0	25
ASV681	0	0	0	0	0	22
ASV685	0	0	0	0	0	20
ASV732	0	0	0	0	0	13
